37, 235
396, 72
255, 393
203, 133
335, 448
144, 129
460, 71
237, 508
390, 281
178, 276
254, 357
402, 468
395, 252
490, 156
413, 398
50, 68
215, 471
489, 241
503, 478
352, 86
141, 489
393, 7
319, 317
22, 313
1, 384
316, 209
264, 216
141, 115
431, 490
121, 456
30, 71
387, 454
405, 49
313, 3
452, 280
497, 43
76, 26
308, 336
109, 371
297, 466
15, 64
196, 25
367, 226
471, 391
282, 153
104, 22
265, 195
487, 126
279, 381
356, 155
421, 313
83, 166
136, 288
418, 266
279, 143
239, 87
281, 455
243, 348
74, 190
302, 416
216, 151
183, 321
369, 333
259, 384
504, 253
461, 262
52, 469
454, 2
76, 475
149, 203
263, 77
200, 75
332, 43
20, 30
36, 359
263, 301
452, 57
240, 508
210, 96
269, 10
279, 380
337, 391
377, 152
202, 476
148, 416
140, 193
94, 60
489, 152
338, 371
353, 130
492, 220
103, 354
266, 182
352, 489
338, 470
198, 194
327, 487
176, 54
15, 389
401, 170
20, 118
432, 278
485, 397
497, 114
97, 181
340, 10
96, 183
317, 56
217, 405
231, 96
505, 467
25, 497
398, 141
212, 116
299, 134
205, 184
443, 399
24, 507
137, 450
199, 309
325, 420
357, 248
21, 296
77, 219
177, 369
303, 461
424, 462
45, 343
144, 412
234, 45
451, 372
322, 462
302, 384
413, 63
331, 35
437, 477
33, 130
468, 83
48, 310
288, 253
156, 55
210, 287
28, 222
330, 136
109, 99
32, 8
84, 461
50, 79
169, 320
108, 211
24, 113
490, 276
44, 271
158, 475
398, 499
275, 251
154, 235
86, 391
227, 53
431, 366
444, 243
290, 100
228, 288
403, 451
280, 211
229, 94
166, 175
231, 389
79, 63
369, 87
416, 298
202, 194
216, 226
158, 145
324, 320
188, 500
206, 145
167, 163
465, 156
150, 294
169, 458
205, 326
153, 230
240, 48
178, 446
300, 105
182, 256
342, 503
272, 275
265, 112
220, 51
367, 138
123, 324
407, 270
191, 21
174, 380
131, 440
344, 208
430, 54
463, 71
508, 14
205, 143
409, 309
212, 505
442, 469
114, 238
413, 44
37, 150
475, 438
332, 12
376, 315
410, 460
455, 215
423, 125
43, 460
370, 294
91, 112
253, 325
226, 417
171, 410
184, 453
73, 308
89, 27
43, 1
338, 127
94, 480
410, 340
30, 359
64, 150
98, 308
131, 70
140, 295
230, 83
239, 176
317, 454
269, 164
279, 406
450, 122
476, 249
490, 351
53, 393
169, 441
344, 365
246, 221
244, 204
338, 362
395, 105
36, 112
144, 158
115, 106
212, 441
291, 425
337, 258
213, 93
164, 109
302, 336
283, 328
28, 130
227, 397
425, 377
292, 228
168, 18
225, 422
319, 499
46, 360
217, 487
112, 357
2, 98
284, 206
203, 442
170, 282
232, 405
58, 383
400, 476
37, 489
237, 488
234, 267
406, 6
96, 142
100, 343
203, 419
191, 379
32, 110
347, 177
486, 378
128, 150
97, 454
164, 402
283, 156
485, 52
102, 498
222, 377
306, 302
7, 469
272, 231
157, 395
445, 507
506, 270
360, 30
136, 168
432, 158
407, 450
220, 192
231, 140
145, 250
417, 10
28, 489
459, 389
337, 133
377, 42
86, 436
313, 312
78, 343
506, 373
209, 394
200, 304
501, 275
396, 153
333, 272
260, 472
374, 155
434, 324
131, 186
12, 130
332, 352
352, 317
399, 356
506, 330
396, 402
158, 443
133, 144
351, 96
444, 427
236, 287
235, 99
300, 280
446, 335
21, 403
333, 33
4, 39
124, 67
162, 162
42, 334
210, 358
38, 378
176, 122
209, 261
506, 230
219, 501
392, 296
197, 5
7, 462
293, 361
334, 33
27, 179
77, 30
427, 174
9, 323
259, 451
310, 353
447, 227
80, 284
165, 448
421, 477
402, 334
359, 454
476, 52
394, 416
302, 63
123, 221
146, 420
157, 504
39, 284
54, 29
183, 359
346, 411
444, 362
396, 145
71, 91
391, 380
467, 184
51, 416
204, 62
102, 179
96, 30
150, 261
475, 95
361, 406
204, 116
365, 22
486, 402
221, 285
18, 52
122, 31
305, 226
467, 377
221, 173
235, 435
342, 271
199, 176
412, 211
283, 299
147, 79
326, 344
506, 214
11, 229
449, 93
271, 179
482, 342
45, 371
447, 426
150, 109
103, 466
168, 172
400, 273
363, 88
230, 384
240, 353
82, 375
455, 500
14, 164
26, 416
385, 432
344, 501
22, 290
350, 21
196, 451
176, 118
146, 353
139, 139
377, 436
332, 68
173, 192
89, 40
263, 263
246, 289
58, 263
162, 132
389, 445
118, 359
178, 76
429, 254
352, 405
114, 381
92, 327
220, 239
153, 489
247, 353
1, 269
116, 38
213, 411
166, 468
161, 257
415, 245
113, 114
294, 28
203, 114
355, 31
179, 66
323, 416
330, 416
481, 261
0, 421
366, 328
427, 364
280, 144
381, 352
224, 297
152, 277
505, 411
46, 291
318, 68
318, 381
32, 249
45, 344
358, 371
426, 57
153, 288
360, 33
502, 134
193, 307
31, 391
251, 141
127, 387
412, 143
285, 66
239, 61
211, 96
58, 466
232, 506
418, 286
185, 96
433, 508
302, 339
297, 276
504, 40
376, 110
434, 504
502, 132
265, 124
384, 218
405, 507
74, 149
246, 417
375, 166
293, 43
103, 33
95, 425
199, 69
198, 23
214, 106
39, 31
293, 38
184, 343
412, 420
66, 266
468, 384
16, 286
387, 508
462, 364
187, 53
121, 240
243, 374
453, 305
458, 363
174, 155
161, 328
68, 39
416, 495
353, 391
33, 446
270, 77
427, 61
341, 36
268, 506
437, 374
282, 338
485, 250
383, 483
12, 233
355, 281
229, 385
492, 169
107, 55
55, 448
143, 476
296, 316
70, 433
178, 160
218, 276
308, 38
449, 208
441, 308
89, 275
478, 64
42, 303
405, 97
1, 89
38, 506
396, 368
18, 461
461, 472
492, 474
467, 295
354, 127
271, 293
486, 480
164, 354
127, 499
238, 257
32, 158
485, 7
112, 50
178, 506
160, 299
425, 197
1, 97
374, 179
30, 82
177, 337
466, 223
455, 253
405, 18
174, 172
219, 137
388, 77
319, 151
95, 243
187, 229
125, 64
466, 415
129, 84
462, 233
68, 54
25, 467
411, 250
56, 92
264, 439
365, 332
174, 433
11, 136
445, 330
151, 344
217, 466
210, 5
367, 170
302, 21
435, 117
73, 426
397, 146
151, 45
479, 381
52, 417
182, 398
441, 367
445, 168
241, 328
449, 278
2, 214
257, 72
307, 455
368, 215
77, 318
48, 256
42, 295
3, 441
299, 53
427, 458
354, 501
353, 331
187, 322
330, 91
261, 26
451, 31
11, 387
182, 129
13, 59
380, 440
209, 136
38, 388
326, 332
329, 5
463, 84
187, 31
474, 7
235, 322
160, 430
459, 338
300, 320
37, 175
457, 474
340, 271
449, 52
197, 450
345, 28
275, 491
273, 261
237, 207
394, 254
413, 145
209, 430
7, 17
242, 86
317, 320
7, 285
183, 284
372, 483
43, 482
55, 232
261, 306
348, 191
180, 105
418, 226
467, 333
165, 473
438, 260
299, 139
29, 332
473, 416
178, 232
179, 170
407, 371
125, 89
43, 254
370, 371
104, 344
95, 284
64, 114
214, 254
314, 344
127, 307
406, 10
363, 31
500, 9
103, 134
158, 323
146, 140
329, 74
347, 449
213, 53
170, 134
393, 164
502, 471
187, 264
437, 471
18, 106
21, 67
14, 20
491, 380
469, 265
42, 450
276, 363
400, 314
77, 42
291, 331
156, 234
85, 34
428, 234
502, 220
210, 392
286, 64
205, 274
166, 244
395, 440
180, 211
332, 452
493, 25
232, 355
69, 31
59, 318
29, 322
123, 32
327, 249
444, 508
349, 200
411, 353
477, 68
38, 316
97, 502
265, 323
334, 319
276, 419
439, 243
156, 173
92, 440
378, 307
4, 207
459, 31
228, 76
436, 250
294, 83
208, 367
484, 74
70, 410
228, 185
286, 99
448, 294
402, 479
41, 498
351, 313
176, 170
369, 242
436, 150
64, 454
189, 188
365, 96
155, 256
154, 306
502, 276
250, 26
449, 357
461, 488
274, 444
253, 466
230, 315
117, 369
62, 498
503, 166
151, 68
197, 189
343, 450
275, 247
164, 273
149, 205
362, 376
243, 154
241, 416
8, 392
404, 494
68, 82
310, 504
213, 383
487, 221
503, 202
89, 279
350, 474
269, 395
426, 394
216, 24
303, 249
452, 427
219, 121
141, 6
2, 323
349, 234
388, 156
35, 485
466, 358
205, 174
78, 105
390, 219
336, 148
151, 319
483, 199
262, 277
448, 50
90, 9
105, 348
451, 498
85, 495
33, 455
121, 392
487, 307
33, 487
126, 355
445, 7
315, 425
27, 307
296, 378
455, 356
45, 350
137, 239
472, 46
121, 58
21, 438
256, 147
147, 341
27, 97
232, 238
234, 405
350, 239
402, 195
506, 291
95, 29
359, 278
440, 247
266, 298
72, 31
396, 82
135, 215
136, 317
23, 494
290, 478
251, 131
311, 496
362, 452
496, 15
280, 478
62, 106
121, 26
500, 98
237, 47
471, 488
163, 500
144, 215
239, 474
462, 343
185, 280
439, 305
308, 280
399, 195
73, 174
404, 322
478, 12
409, 128
97, 226
461, 139
346, 280
243, 54
363, 252
361, 175
461, 375
296, 443
479, 230
505, 335
89, 489
287, 494
312, 242
33, 422
476, 491
404, 398
9, 490
323, 81
79, 387
175, 454
426, 133
404, 441
187, 438
461, 280
314, 238
79, 420
464, 186
307, 63
457, 83
216, 210
120, 311
500, 206
454, 116
27, 279
437, 69
452, 279
430, 295
66, 333
106, 154
280, 127
401, 87
257, 173
442, 405
239, 17
184, 289
427, 331
482, 2
352, 346
83, 410
410, 371
436, 55
7, 446
227, 159
335, 476
460, 430
343, 198
325, 311
92, 354
215, 213
74, 399
117, 142
56, 215
1, 468
203, 332
239, 474
146, 62
429, 321
308, 284
87, 294
148, 97
179, 110
59, 350
448, 14
481, 308
44, 16
192, 365
109, 251
414, 466
484, 10
45, 216
78, 103
355, 315
353, 170
192, 261
90, 332
55, 497
298, 276
238, 88
452, 274
92, 433
211, 143
17, 189
135, 380
487, 448
55, 130
474, 499
132, 16
461, 68
286, 52
468, 420
354, 187
242, 228
31, 364
419, 160
306, 307
5, 289
128, 265
31, 419
344, 444
38, 139
300, 171
263, 446
112, 440
96, 349
436, 360
152, 299
179, 266
94, 49
274, 124
138, 61
423, 390
135, 207
396, 371
128, 259
51, 399
195, 81
315, 322
399, 317
448, 19
172, 343
61, 21
376, 384
319, 94
468, 129
493, 340
234, 188
204, 22
142, 408
174, 236
491, 104
288, 208
198, 310
152, 461
217, 163
57, 159
250, 295
270, 369
477, 432
110, 269
19, 143
353, 169
163, 25
381, 179
34, 150
289, 119
355, 317
462, 135
